2	2	offsuit	0.2934	0.0125	-0.1073
2	3	offsuit	0.1802	0.0339	-0.4255
2	3	suited	0.2255	0.0289	-0.2946
2	4	offsuit	0.1902	0.0367	-0.3927
2	4	suited	0.2359	0.0343	-0.258
2	5	offsuit	0.1986	0.0345	-0.3697
2	5	suited	0.246	0.0321	-0.2299
2	6	offsuit	0.198	0.0318	-0.3742
2	6	suited	0.235	0.0327	-0.2623
2	7	offsuit	0.1953	0.0335	-0.3806
2	7	suited	0.2343	0.0318	-0.2653
2	8	offsuit	0.2035	0.0357	-0.3538
2	8	suited	0.2424	0.034	-0.2388
2	9	offsuit	0.2163	0.0324	-0.3187
2	9	suited	0.2628	0.0352	-0.1764
2	T	offsuit	0.2275	0.039	-0.2785
2	T	suited	0.2713	0.0404	-0.1457
2	J	offsuit	0.2517	0.0363	-0.2086
2	J	suited	0.2795	0.0347	-0.1268
2	Q	offsuit	0.2658	0.0407	-0.1619
2	Q	suited	0.2924	0.0381	-0.0847
2	K	offsuit	0.2975	0.0391	-0.0684
2	K	suited	0.3365	0.0391	0.0486
2	A	offsuit	0.3275	0.0434	0.0259
2	A	suited	0.3678	0.0391	0.1425
3	3	offsuit	0.331	0.0121	0.0051
3	4	offsuit	0.2063	0.0362	-0.3449
3	4	suited	0.258	0.0312	-0.1948
3	5	offsuit	0.2122	0.0354	-0.328
3	5	suited	0.2585	0.0344	-0.1901
3	6	offsuit	0.2077	0.0358	-0.3411
3	6	suited	0.2574	0.0326	-0.1952
3	7	offsuit	0.2051	0.0355	-0.3492
3	7	suited	0.2487	0.0322	-0.2217
3	8	offsuit	0.2042	0.0355	-0.3519
3	8	suited	0.248	0.0335	-0.2225
3	9	offsuit	0.2251	0.0391	-0.2856
3	9	suited	0.2626	0.0362	-0.176
3	T	offsuit	0.2406	0.0365	-0.2417
3	T	suited	0.2785	0.0345	-0.13
3	J	offsuit	0.2643	0.0391	-0.168
3	J	suited	0.2976	0.0386	-0.0686
3	Q	offsuit	0.2806	0.0374	-0.1208
3	Q	suited	0.3177	0.0368	-0.0101
3	K	offsuit	0.298	0.0394	-0.0666
